base: 0 http://up.kiwi/movie/351921603109/34939156/
base: 1 http://up.kiwi/series/351921603109/34939156/
base: 2 http://hubby.cx:80/movie/Pdsrv-vods/726216683528qroqv/
base: 3 http://hubby.cx:80/series/Pdsrv-vods/726216683528qroqv/
#	540	176	971
A	5743	2044	361
B	1383	701	1298
C	2247	1168	527
D	1724	858	544
E	1435	492	169
F	949	476	680
G	669	437	179
H	709	439	700
I	676	374	128
J	651	242	71
K	264	224	76
L	909	474	155
M	2238	1151	762
N	1052	413	376
O	5212	1490	147
P	1804	739	364
Q	385	152	2
R	1014	547	133
S	2014	1197	447
T	1874	1334	1175
U	1585	322	13
V	765	332	34
W	203	188	108
X	44	21	482
Y	48	111	26
Z	128	46	14
