330932
297982
325110
324799
316197
278715
330426
108123
317308
282326
294636
61700
136778
305644
242663
332507
243028
286988
331312
201596
239830
328190
127651
76662
299952
326991
322852
291856
325294
273119
329703
287496
312643
284929
245557
132262
295893
274008
319037
318606
84444
99112
93879
228921
122206
207924
315704
304173
322922
318167
283924
288430
282902
263048
317216
281392
303405
293958
223890
244814
316500
304194
113252
156637
247453
312175
134331
287344
110533
277882
281495
287760
262932
117783
280632
204590
216227
119583
126782
104584
260566
134958
245754
297424
307923
278127
278882
283950
307682
294731
112322
295655
301886
306207
307674
122098
133953
153496
201346
201256
201672
122579
106535
130368
201851
241530
304068
274570
254482
304256
293391
285278
302926
263044
308290
247850
300432
85517
61192
67802
261902
297519
299800
240831
253335
298706
299403
254021
297517
254799
262928
270719
275593
297659
211224
277520
278904
46636
228919
238673
224966
279322
262237
262247
104992
112202
292810
296263
275177
221934
271889
120398
202340
290682
243248
242762
276642
285678
218538
254476
221923
223487
258357
281966
296772
284857
258490
232639
288864
291753
228238
290788
278658
279580
240686
287267
243224
119530
290692
270860
259486
293581
202625
295100
284241
241007
288893
278331
231462
261128
293432
292035
92779
280100
293431
258070
289745
261981
84559
258256
240439
259881
220269
286094
203367
115947
274922
256888
229947
285916
278420
232812
260555
259857
252920
250178
219915
249167
62057
287868
285009
231281
287927
283161
262828
255095
274048
278338
287996
287429
286486
108893
236356
247207
278922
220041
263300
261052
99490
255298
80959
71748
224733
262251
61148
65728
278421
259288
259015
248244
74706
275648
47084
135272
6044
51503
198097
87980
79070
71349
283992
37986
229213
122752
239017
46385
276903
36162
279868
271890
80997
248754
233347
34818
44969
282101
271347
233100
279206
57433
230524
239137
6192
62265
137640
82722
276524
207712
274508
46198
21297
126723
270503
135751
146102
260835
82501
245081
245292
237882
218560
68342
263311
67915
113965
219465
263079
203990
104976
209881
218099
254839
245265
101146
201330
220521
249838
130513
129128
242378
223213
234667
221112
258963
218290
209916
220836
242335
95293
242019
90706
226107
209751
74237
233277
230779
68890
224918
120314
66387
64649
86830
87187
131009
125061
66561
66584
79574
127231
230992
238046
86546
205082
103752
87408
68293
227955
218840
234739
65187
94823
134679
210705
262128
202460
43152
66433
292987
213442
213439
222972
210702
261939
101505
6243
85220
83634
89604
119773
102355
156780
96162
98772
70672
330440
235577
291496
301418
323005
326064
296140
294095
283780
289116
271016
323579
289356
310326
295599
215986
325022
326063
289139
301412
322570
323563
279323
298610
246748
203344
296003
297712
295558
286506
308216
320406
52910
300727
85529
305078
245840
316205
253960
323569
316540
300954
325828
291392
285143
289763
251600
322055
230311
286360
323264
296206
303084
291947
307012
257023
239901
299365
310837
288603
233194
289271
307862
244621
225930
274621
321559
315758
324487
282497
272681
278605
312493
292696
319617
75701
287009
313397
278403
315438
316407
287641
273129
305079
322169
283961
316675
322018
275966
254486
313735
259837
281016
232557
319600
306640
322243
311871
315494
302162
317056
318664
218617
67014
319338
316795
303143
305815
297730
287011
297640
272432
289708
283952
204367
315312
272715
278113
254498
300529
312723
273151
285838
313732
289624
284000
289424
314784
279082
278573
311650
278275
244189
312282
292121
281231
317787
82817
278894
135652
68814
307833
307602
258865
156293
281965
316324
219586
291470
314669
233833
303076
280822
310800
282471
241860
306479
310033
279388
306129
237330
220763
281010
276472
270857
273977
293608
305379
281013
295434
288912
254391
227192
222233
127529
216228
110356
110316
229891
280948
303077
285770
106935
112837
112888
113240
116386
124426
129478
129888
133678
133775
135155
135840
135897
137094
137520
139280
154822
154825
154861
155441
195670
198004
200709
202318
203164
205319
210905
214582
214997
214999
215001
215720
215912
216223
216310
218539
219652
226527
229480
230448
230777
230923
231749
232616
235355
236536
241454
243964
253905
257221
258707
71810
79434
79818
81494
87553
88328
93490
99491
35287
209502
135157
95111
79238
82658
105748
71640
80843
253029
243155
270654
204589
96164
263035
81016
70957
240440
74830
63500
275624
99497
271885
293613
288908
121659
256355
39205
210218
245079
261792
214250
253357
243084
73575
40043
41874
253767
244463
99479
239006
256725
247195
65895
279720
112706
102783
129479
94083
38852
245042
271360
249928
69610
256381
137408
221550
224732
95485
100857
64812
53095
65412
209408
275591
246808
261121
248155
41825
234674
243073
255074
250833
57646
240054
62669
257513
237565
250385
260565
259902
213086
136732
253451
122012
105231
74000
68095
250951
83435
227212
241613
119769
246331
61150
241756
235842
94615
233452
169561
135929
230735
66256
210084
222059
221007
39085
214483
106600
92648
129000
211065
254474
138251
89410
236033
249906
244071
247264
95484
66082
227189
252141
114118
230778
223329
240437
88974
209173
237508
235619
201146
207668
16420
224232
220561
211705
233954
117878
115663
153169
209482
243691
157208
209750
210674
215384
199923
133091
128002
156854
214406
157214
154051
201859
242503
235576
246711
231268
240052
214993
249763
228076
209226
89927
72549
83165
152471
230242
230198
64529
223212
222425
230824
70649
202783
233205
216264
138385
79342
215072
66776
233750
62299
214478
225178
216424
217337
226969
36368
88783
103147
74887
214994
63417
135154
101906
137206
31417
218038
120199
109866
224900
129887
229210
155040
95486
224479
118871
212204
204027
218177
114195
221416
115538
37722
101243
69850
131026
230241
210704
216445
61611
74076
74064
229371
206619
128995
210107
82437
127814
221102
216576
210733
211217
218238
157383
214891
208834
211748
210586
228965
68398
82237
210268
136283
211746
196526
154916
156406
138663
197067
196907
67084
128883
93097
93846
78385
94796
74821
87527
60957
75387
99047
112152
100595
96462
63311
333
3215
2268
12539
5381
