335227
228671
285758
334260
68250
44977
286691
281666
231301
318918
64909
279185
298852
258165
330932
331669
100575
333016
297982
324502
325110
324799
316197
286622
61585
332976
321958
310133
334216
288385
290720
318845
321456
331979
285147
310290
336308
308963
286940
250203
68165
80400
312557
81879
319851
255919
248795
278715
326440
246358
318239
40351
84058
333092
252105
324931
332282
330426
274884
108123
315837
88865
70311
42509
71722
123763
106691
317308
282326
334465
332910
294636
300507
309225
61700
101680
203819
330438
214669
133174
258230
314478
330968
136778
158345
305644
242663
330912
332507
311914
279089
243028
206484
333179
332793
66859
286988
331312
306630
331239
201596
239830
328190
326879
127651
76662
69346
258447
330540
8840
293125
306629
299952
331616
291334
249422
99387
66695
313744
323429
294722
95346
130857
327414
228421
254354
276277
326991
218648
325785
226749
322852
322428
291856
307433
120395
128115
325294
210805
102084
262299
273119
251564
99789
291350
329703
287496
73792
21307
101200
67098
7266
95638
106894
330129
242008
312643
318419
209835
259666
64220
61616
80259
65460
312573
205239
139132
132012
284929
245557
132262
22432
295893
274008
286346
232630
297246
259609
11203
308834
217167
319037
318606
84444
247334
96556
319919
99112
319048
93879
228921
141
122206
207924
21631
308051
315704
65150
72089
7235
106611
287450
304173
213044
104155
321211
322922
318167
15008
297235
322355
107116
319013
1596
283924
111401
76121
288430
334569
282902
263048
317216
30983
313173
281392
76139
61485
283717
291506
17035
315187
303405
106126
246483
318188
316790
293958
257519
223890
69653
126423
80094
299172
244814
274382
307624
316500
315800
304194
275202
315825
315159
315224
287390
240667
303033
293965
127549
61512
285760
113252
314541
118443
313100
313228
211564
314297
156637
247453
315654
312175
134331
298026
5651
61223
66939
60610
70177
287344
114199
110533
277882
281495
287760
262932
276083
117783
295142
280632
275987
307980
102246
278475
256783
303724
298343
312530
204590
216227
119583
95213
215117
312593
248470
211132
126782
262273
116935
310239
104584
260566
134958
245754
297424
293144
108977
301058
202770
96042
138882
93649
98584
96150
114202
307923
278127
278882
97067
185
262262
90366
58010
107408
107381
233816
283950
306657
307682
96655
226598
308112
127305
262275
262793
294731
295483
78950
112322
285743
45195
66649
113780
155588
94277
35707
295655
278146
249301
288589
290667
274141
293629
301886
295366
276110
306207
284969
253476
237329
307674
122098
292996
133953
153496
114893
201346
117079
202188
201256
201672
122579
106535
130368
201851
241530
42573
285933
304068
294867
305163
246412
239320
263346
274570
217606
260983
238106
254482
303155
306905
305107
304256
236565
293391
285278
302926
263044
308290
258579
306355
248776
284495
2440
229295
155351
289273
67387
238986
19125
292624
247850
300432
246386
8514
63549
304115
85517
61192
67802
228181
106868
217837
261902
260843
301625
271050
223911
222209
223876
297519
299800
292130
253368
283543
278635
221917
240831
253335
298706
302657
289567
299403
281555
332863
287355
254021
297517
254799
262928
270719
300862
156929
2755
291361
243390
283935
42944
262453
286404
286984
278059
296287
284644
117879
287278
286388
283880
222624
256404
280048
261343
285622
284388
274810
1825
284433
271576
301588
275593
284442
36041
297659
211224
237289
277520
300926
278904
286162
300957
46636
228919
238673
137735
299395
224966
279322
262237
262279
220805
259466
274479
319422
262247
244026
299675
104992
233264
284656
112202
292810
271977
298620
296263
275177
197368
274561
280042
221934
298867
271889
34114
156101
320096
196000
31342
38210
120398
238892
292513
202340
290682
243248
259337
294835
242326
284488
242762
276254
276642
285678
218538
254476
222779
221923
293298
228811
234443
139173
223487
258357
281966
253946
296772
212333
284857
296976
258490
274642
232639
288864
298616
298819
289197
297132
274548
291753
290297
228238
290788
278658
279580
240686
287267
243224
259854
220878
119530
290692
276114
270860
259486
293581
202625
297306
295100
296423
284241
241007
288893
278331
327646
285828
231462
281058
56050
280353
241811
234176
239784
225412
247831
261128
292073
274546
37995
296238
293432
294876
292035
95175
92779
280100
272556
293349
279220
24281
293431
283884
287967
137065
279445
296298
232869
12680
211937
294034
262254
286723
258070
289745
286434
217247
281615
274741
283705
21629
284445
203595
261981
280366
284771
241279
271649
284448
84559
258256
202674
280878
240439
279993
286056
247769
261392
103727
262899
276288
290511
62172
262377
277581
246093
279989
259881
220269
286094
203367
115947
221490
274922
333350
254013
256888
229947
285916
290036
278420
249822
246459
232812
243327
290865
260555
226071
280977
259857
291926
318766
205034
280078
133431
252920
277685
250178
219915
285631
249167
248393
283322
88554
84737
85063
259354
107463
283368
62057
93256
273600
270443
68100
254358
288910
287868
285009
231281
262594
289163
287927
283161
262828
255095
251608
274048
260569
251100
63323
64706
63187
45998
62171
219648
288106
215615
278338
287996
281623
236004
287429
286486
218623
254853
108893
275623
278816
256109
236356
287652
270602
274069
281042
247207
283360
262929
278050
15114
279731
252617
133154
93870
278922
276880
258055
220041
263300
287131
277222
292118
282394
283393
274737
35935
281371
261052
106133
282537
66437
9705
99490
255298
244978
80959
73000
71748
35971
224733
87476
262251
61148
93845
65728
50
248752
281500
241114
196586
278421
60818
243891
80613
259288
259015
248244
74706
65615
117595
45235
214787
243477
62668
258538
275648
47084
135272
6044
51503
198097
87980
79070
71349
283992
37986
229213
122752
329614
239017
305357
218291
247833
255548
243743
45527
273332
282252
46385
56352
276903
282209
36162
279868
271890
80997
225142
80671
157023
248754
233347
103076
262141
260822
273051
274061
229712
273235
34818
44969
66017
65333
194916
7217
46227
34852
61527
88044
303470
1891
274555
83314
80732
236000
270487
42705
2840
257603
243452
67853
64093
74095
248947
138357
249031
34163
261148
282101
136275
106650
261745
252649
54241
157282
258578
279603
204635
135387
245561
271347
158496
258228
233100
258994
261301
273048
257790
261311
249964
244587
247859
253896
258229
244592
280906
278909
39563
257609
279206
57433
249545
258680
250994
281545
259788
230524
259559
276204
278701
239137
210899
229122
67676
277035
60654
6192
88062
62265
34662
137640
82722
42692
137320
276524
207712
236300
66856
323552
259787
251939
235769
99144
38239
35753
274508
244525
16660
274326
277789
243360
46198
21297
126723
197543
220056
285938
236580
113966
256201
277787
122725
245996
272704
233059
273801
270503
135751
239053
238552
258898
503
217529
93241
146102
260689
270659
261963
260835
14009
57041
206246
270480
158761
203423
220793
82501
92840
245081
195305
245292
219211
258582
210202
237882
218560
71194
68342
239764
261522
250316
237326
263311
128912
110120
261102
270492
272266
194764
67915
119100
113965
250598
219465
94000
84105
263079
12412
242844
130578
333545
94755
208533
203990
104976
209881
259684
218099
229671
95039
254839
111661
245265
336695
231394
243216
36157
65676
213421
42142
83116
233324
76572
28061
91160
36836
243140
68400
61408
252549
42468
62263
4396
39435
245547
45275
254721
26915
229743
1165
245285
239161
101146
255124
128919
89113
14666
4546
255313
252729
196977
138492
222923
243141
45213
216272
72028
196287
155346
209845
201330
210511
218146
155942
206033
239853
241928
46004
240682
237150
34072
236392
220521
42916
107255
104925
15826
249838
130513
331018
129128
125712
244563
245441
76219
70420
212273
241230
236533
242378
213830
225168
153697
66103
123625
204996
229676
248287
203124
223213
250207
222031
231348
128330
116885
245412
92611
90671
55912
24458
234667
206816
221112
201089
237626
258963
239748
38671
218290
209916
261890
15800
45801
34664
76346
37529
68427
139551
46170
237045
238846
207250
226302
67394
220836
216434
75339
111169
107495
138993
110430
281777
217755
236532
156688
58932
242932
81749
128351
242335
95293
112010
209479
96450
99787
45950
68304
242019
138498
60659
274774
207718
100375
222930
99091
90706
229443
208445
197848
218493
236930
58957
226107
221165
211093
46423
232926
234995
206630
238419
222784
194665
35871
205672
221310
236142
86449
209751
231357
238585
73833
223780
46314
216584
230823
74237
223565
53728
139060
236338
45254
45211
99083
220286
71441
241945
133215
198152
233277
21918
230779
45125
136840
68890
224918
120314
66387
96402
209604
203045
234740
138180
5829
229940
64649
86830
307594
291895
87187
131009
125061
66561
10283
66584
48000
100258
1042
211508
79574
217773
237232
790
34439
127231
230992
240402
239763
128306
238046
233254
5200
218030
5863
233569
238300
233919
7406
230226
86546
205482
127809
157571
112388
205082
236022
64375
234455
206916
221418
206799
209280
253
116876
47523
156197
237806
233629
74191
79654
95909
235851
78482
69289
60667
110207
108177
236319
93875
100368
98900
234821
77694
132917
229612
209829
217404
115236
218684
100935
62564
112398
96139
76757
113137
214540
221148
153336
214649
230050
217512
240125
103752
222798
69287
216137
205703
229610
219673
106301
130273
196257
98823
230288
220779
213331
115466
216523
195459
153450
6962
228701
289349
230418
209027
65522
87408
210178
233600
114023
213690
313801
15754
87932
98123
233183
83062
68293
231963
227955
218840
260716
234739
213424
206966
228791
65187
94823
231311
232401
246564
134679
195990
61350
210705
262128
202851
233356
202460
227003
86893
99072
137718
156563
195966
65447
60913
59149
90832
204849
205308
207521
138181
215956
218613
210181
135335
64482
43152
153337
202821
138948
110971
45997
209649
224207
213233
222625
218263
217462
153195
66433
213328
1786
292987
3725
106081
229166
134403
131561
222785
213442
85000
202307
223430
158373
222783
117024
213439
222972
211049
210702
201581
1650
156610
261939
230494
228966
105893
201085
226645
75968
104649
229516
226802
95585
78670
20451
317579
135251
316845
46156
155534
314247
211116
32218
9980
47907
155491
274556
82117
213550
131488
210318
31572
34841
60888
40919
63590
120911
101505
196832
331383
126526
126531
64339
152365
115316
155795
6243
90239
112314
66738
46880
127700
84553
137952
128876
335646
241255
902
312585
57736
900
318
101662
17420
44242
132653
4625
107543
91746
33101
32351
106502
318678
319126
2321
222764
91699
135196
85220
83634
73178
89604
58810
84775
119773
13844
61068
117946
99815
21728
117525
70828
115345
115497
102355
1427
64198
75275
97535
77341
94251
74014
63418
102970
105848
71000
156780
103228
135805
107451
537
104068
99595
90319
86906
155243
68126
99248
1981
64353
94923
95211
4194
97724
86654
90795
102316
67176
96162
102360
19033
79412
216878
97428
88408
87083
98772
90833
81942
314148
92426
70672
13941
32573
298172
64203
74016
79340
83247
262445
224011
14180
62046
89959
203740
323839
1664
211240
98137
105441
9262
101512
246992
276230
282405
64572
288915
19614
32910
116407
304842
242317
95997
12727
78701
42684
86149
11000
63123
215589
285418
4508
117928
252512
241549
69692
76530
332401
106309
333631
239618
128926
74494
64783
2979
70047
1720
91425
111358
2936
1848
95515
446
652
99777
91656
248852
2405
70593
53606
70452
85404
64548
66556
93392
85424
84647
215492
71128
61263
51320
32118
216005
275224
68349
84880
88367
209708
92209
117067
3809
79093
46849
234
261304
98805
87542
206968
45819
330302
72581
68327
4392
64146
40244
238754
253710
215000
93657
214942
210781
66330
135340
132648
90591
119772
32856
310084
7821
229915
60685
64254
114003
224072
15804
106978
129490
139086
95409
136365
91506
72651
77516
64969
74193
207399
78036
128481
88118
250060
18594
116612
119105
89446
76652
94813
4606
49010
83109
31527
128008
71890
89852
73126
95730
80805
80626
74764
214686
78976
60867
99802
76438
70767
97062
72339
88512
137967
86807
85958
82578
74851
124331
102510
126859
70823
63181
65766
93842
66456
202162
90823
99884
100802
2235
2745
228963
197322
211747
46994
2593
80006
88240
114899
82986
67725
212462
65579
66489
4344
95004
215429
89374
97222
138505
64433
16208
66789
57754
77780
64496
43717
21494
58111
82094
7098
39702
2027
62977
18856
71199
81496
86822
2919
62689
46975
120317
112693
201877
61676
98272
74015
1778
32895
81951
14141
60796
43775
67272
18653
60626
50532
12504
312663
3854
68401
92041
86845
113065
65765
232402
294019
275102
220663
298008
320760
295089
301507
229382
285739
7272
80737
299939
77284
16386
83631
21500
61579
67431
93421
20989
83414
4752
9957
279471
590
117166
135350
157765
117815
80040
1894
278646
138246
273207
271336
54607
263219
282275
304334
301696
211261
220074
224880
135894
204591
258492
280916
158900
117378
303649
233492
236809
212203
137871
218631
282810
239005
154388
211020
210229
296009
290251
209275
131892
263218
281233
215474
299679
216907
270856
332657
297263
133670
201852
194771
64414
3868
213703
301885
287010
99494
103159
720
6616
10091
96548
72468
177
283657
240461
314939
248821
255760
274971
301991
260249
256226
311022
211638
195859
249597
248126
3411
101848
135615
12712
238938
211069
120910
64728
312167
82357
252701
32515
128567
33213
217088
65345
74298
31941
3500
230034
59687
311025
80919
131532
211358
262700
110886
309006
313282
13892
321388
275998
314973
4709
313338
271705
311096
39576
76120
60557
89456
285807
258063
256380
301626
94625
119130
283300
45239
186
82297
2129
62687
61555
279044
287887
212250
88358
273055
261663
15241
67487
72306
203949
301715
80241
321596
256953
215471
257613
249368
78175
234520
129536
260264
83880
76453
218274
296052
321598
18779
70048
57961
215636
22010222
316804
304597
6549
309792
292532
90755
279884
319934
81317
308402
313721
17519
306074
83090
274634
73673
277831
323111
42680
1192845
61602
87386
276161
280511
315596
112250
34573
50042
231889
102712
153577
218437
222807
231699
238843
43107
110070
323660
127907
246072
278787
206022
315295
62741
313973
61174
197929
962
14675
249907
62104
325755
219555
273330
237727
281984
291945
324111
221166
222674
334011
201897
249138
215421
132117
255107
312697
286840
128424
1292
313289
210213
132908
209727
197294
249270
312884
241138
296285
296509
139177
109819
78239
214940
247763
271200
126663
295357
56998
90937
30981
80564
153170
215401
247367
83100
241021
246862
323842
306484
316968
158762
11279
101836
240576
155499
76796
76604
196614
95439
14651
71026
106195
63157
136763
228853
107233
326194
155371
127964
324768
61670
203884
123764
257724
300104
261557
231132
224022
156609
107601
74866
82235
75646
70140
210386
113306
113273
89315
65047
67459
281281
98078
219004
89499
107851
91865
317375
154010
112304
72898
10926
86838
105109
324434
329394
111794
137644
125765
210699
154096
218998
113305
67657
194768
289802
95622
125762
113299
202453
292533
328735
327814
329903
246913
248226
128395
113292
113905
113250
112454
128014
313101
99657
238903
204930
125791
113308
113297
99560
39320
78250
62595
158061
81665
126164
158290
111772
96051
129307
71986
275725
104065
41997
118945
228673
91433
329274
231848
68296
83542
330320
5263
138555
117076
112150
112310
236207
309798
331650
57748
79888
68617
107171
331524
113300
219799
113284
312650
111792
132142
105157
327498
97881
296814
331674
157194
281485
254999
331678
83996
289069
319656
64555
195408
323557
233601
113251
319039
158155
312720
331039
323976
214443
257170
303351
312523
295410
1567
329987
202714
115915
291942
297203
100369
114624
261296
73456
34381
292171
208231
237546
71270
331796
104361
101137
311835
96789
303175
273754
214509
292558
285657
322274
232941
286287
156802
312506
12513
82981
103776
68780
316961
197357
245021
333058
317264
276553
299462
66545
331033
215098
286637
296258
72636
103445
38084
111790
296286
115911
217407
240558
210655
290234
330371
1618
34356
95479
205050
201429
95350
290193
68734
50035
303109
246
84469
1431
1415
317068
294141
330440
288971
235577
300480
284753
291496
331061
326853
315318
301418
283151
295099
298168
117926
323005
83085
40
321954
311731
306598
286791
326064
296140
283297
91801
247796
327817
38464
139512
289324
294095
274915
222325
91794
283780
289116
240456
329383
271016
323579
289356
310326
322785
287238
244808
283304
295599
296756
287620
327760
215986
276393
277640
299188
104201
240798
258518
325022
110792
105055
304258
230059
325622
284828
326063
289139
301412
322570
323563
157525
279323
298610
270572
278624
254528
288671
203737
241882
204024
228721
249104
252741
133387
298103
246748
231396
203344
315327
274782
312020
296003
82104
16097
242867
327787
6670
58937
936
297712
287115
320430
286345
315054
231309
312266
295558
286709
286506
98865
308216
99778
320406
52910
300727
282859
1781
303493
246233
116727
296101
309974
284581
298831
250008
85529
62317
66958
34751
325858
117120
285574
255358
314054
290232
324562
326119
297826
112667
305078
312507
314554
312949
270603
308874
245840
326844
316205
283609
253960
296437
302051
307585
323569
137643
316540
285993
324335
312849
293489
300954
325828
287075
291392
285143
302824
287028
308403
300267
153217
295071
109805
73910
1432
317555
243202
237964
309104
289763
292462
296436
287976
254420
325188
251600
319820
322055
310708
230311
298994
275557
322427
254101
286360
204137
323264
295780
284029
296206
138987
303084
291947
307012
290953
257023
286617
239901
315083
299365
274622
318449
310837
288603
205212
201478
278178
322928
316881
233194
246839
7143
71247
232817
53300
42548
3303
289271
307862
244621
225930
274621
321559
34634
314916
252107
315758
322261
156946
324487
322430
298425
287168
259200
278158
282497
323979
315610
285818
71785
272681
278605
202297
208067
312493
292696
277439
306956
316992
204135
322803
260592
319661
319617
75701
287009
324043
313397
324115
229544
318203
323039
278403
322974
284725
61867
316294
231503
315438
291084
312588
278168
322426
270699
309732
316407
311858
287641
273129
305079
46518
291100
308136
11245
65842
85707
35894
38247
209278
290411
158748
322169
283961
126766
323069
309548
321597
318906
245328
314172
255351
321594
322536
290295
224941
312508
320472
95073
102432
321960
316675
2673
220102
285404
1412
2985
62516
37664
297438
297454
321338
240433
321267
320579
311751
157731
322018
275966
254486
208921
313735
88329
119051
259837
312172
278850
103506
387
308014
281016
299167
273240
99618
248951
254442
232557
321628
307432
73061
67351
116600
319600
306640
322243
121947
251883
256695
261780
217838
311871
315494
302162
316945
227950
317056
318664
218617
304017
67014
248404
319338
316795
315044
308260
478
2579
1867
226346
230915
308254
222023
304550
252739
311991
278169
303143
316920
262388
276117
262280
321291
128212
292686
305815
256092
226259
292985
318880
317607
284736
297730
287011
297640
86951
2025
2568
272432
289708
283952
301557
26453
204367
82456
296232
223386
5690
126027
315312
286361
300845
272715
306666
259702
318262
278113
317430
61838
16169
32709
254498
196285
300529
270476
312522
305567
312723
312583
295751
283888
306790
273151
273467
297095
307423
316832
320619
285838
229858
291414
287527
290230
287978
224263
231340
91343
250220
257994
83103
313732
146176
255661
206382
63259
316898
269161
315608
42917
277513
272073
309163
85065
207347
303536
245318
293697
290019
284568
289624
317875
316544
300054
306721
284000
313274
289424
262967
314784
283228
283428
299144
196950
287114
279082
278573
288590
91768
283905
303796
316424
300131
312293
296870
300126
295999
305329
311650
297557
306121
288551
278275
244189
315595
262848
290700
312282
316527
712
918
292121
281231
317787
273866
284447
259886
129600
72509
82817
309576
316973
87940
128329
300787
291403
305386
278894
108978
2410
120734
72517
260463
130766
312474
283853
46923
135652
216
63522
40044
890
13800
91267
289219
301944
119861
68814
94404
274671
304820
289560
316295
312073
303434
286291
307833
280049
259544
287591
256052
275902
154526
218557
285291
307602
302074
284432
253391
296851
283891
278271
41676
284854
314006
244321
318215
255522
288659
258865
156293
105939
281965
299134
303460
229918
259265
87108
158154
240740
1999
316324
279908
606
219586
74606
291470
2660
206828
310935
290856
254953
234776
314669
209867
282946
233833
281161
303076
280822
235685
604
19653
239559
90802
316218
108181
202411
310800
295170
276582
271935
282471
241860
226285
306479
278174
226174
310033
279388
316356
278143
306129
316474
237330
291459
1950
93166
77293
135918
220763
312421
281010
284444
285166
243754
291339
276608
286702
295351
295778
292256
294280
276472
270857
290724
315939
292474
283673
259819
225891
273977
94801
313298
241372
127532
207611
54653
290388
33428
92053
35058
69478
80240
122286
215871
274905
313763
233079
248123
210872
302679
270444
13238
4556
70798
67673
283370
251604
218347
259856
313305
274776
225753
269160
241337
257534
105249
313066
287231
152401
312046
312919
256711
235295
285357
278927
253093
263034
62006
289892
65291
93786
307913
273160
253747
307534
247950
3745
24731
37858
67993
260644
279136
293608
286170
77939
136649
260670
270420
306762
278043
311017
223530
250505
285636
255064
244244
290231
310045
299090
308482
293603
281514
301174
272586
310369
308558
241568
135110
86219
263330
309693
292493
254492
296523
259731
271609
19239
2286
90447
73536
127526
228096
309810
240442
278577
252774
2580
139653
44305
250931
255719
279041
228979
254821
136748
272484
291442
121720
61886
57273
8991
34791
66357
306517
261317
246473
202208
238458
292233
305995
125398
107314
303072
253833
214862
308524
115064
255251
125749
85718
308218
244447
304371
277752
256585
306673
278100
2710
279601
276643
305379
281005
257631
240459
284744
106881
209110
255690
81241
307616
284838
234763
297492
61746
223300
74428
70964
260637
271823
275144
71322
283967
293381
258742
65815
4068
67469
219080
112514
298170
873
39510
74044
210009
300397
709
252193
301001
250504
274979
283392
281013
281011
108154
84587
118541
1410
93422
65417
56304
136710
250713
275387
299778
301809
302540
304309
303173
239496
304936
245219
305326
225361
202308
304869
217528
239385
194
157231
256624
301890
283252
271053
253750
255803
301147
303898
194741
282440
227191
252000
302854
283396
249586
109219
288712
278604
136342
296243
62618
73550
31499
273247
289996
285788
221901
274814
247756
293010
247662
245827
301498
289217
275592
66844
262259
62997
302929
98762
418
281037
256748
270734
74908
303202
303191
292323
218589
277665
12225
275722
127366
249054
246027
301612
131848
257776
302931
302671
283689
257068
280946
302635
300894
244330
278009
65292
221079
63019
94495
302676
102780
302583
262281
252135
10141
225647
294219
207318
258901
227520
291904
285070
249551
300999
271605
295434
300594
228689
272087
293205
205192
237052
286801
240805
243200
211007
271128
283818
282197
237247
271131
286822
299236
298699
299483
277295
104287
301894
298682
295755
247168
124075
73919
123848
300689
209215
301823
230926
287291
290564
292465
104725
301522
253941
247723
239526
299783
297308
250988
76674
195923
255859
298698
284974
282166
297464
301143
92911
229435
296962
218879
293138
80225
218382
43097
255752
218775
299843
256747
256877
247043
275724
228225
277544
249039
670
290160
111255
291934
42025
299184
253252
300570
298234
223326
273916
300109
242706
84074
283390
284889
246485
261617
253376
98996
271607
228305
293703
201230
153248
259710
295309
299789
285836
297791
274942
279599
296219
73506
248833
232668
214564
283354
280888
128904
246156
254701
262352
279182
282217
291863
292516
44931
103199
252009
90242
4482
298774
258897
225037
229958
262375
279942
248937
228669
117773
280945
248416
254017
237015
298570
108395
71806
513
138624
296549
285896
293031
274388
294371
294895
297627
208992
272467
286967
292175
227114
66490
30898
65302
207484
282022
4239
209356
296069
246984
30773
10862
967
676
14698
117
22172
293691
294862
230935
292126
281004
215597
228672
281044
241388
293647
297259
252751
291424
239615
247670
196890
289485
236054
290276
278639
297010
294611
288119
4564
31756
31585
85430
156390
296512
254653
212766
243006
232230
238084
259207
278006
4545
250463
247045
286867
258025
105797
80398
59117
40050
249854
256216
287932
66690
294282
97852
252125
261091
232821
67482
294726
252644
287934
292052
101972
253372
244983
45790
287899
35254
253811
157207
280880
293130
241361
277881
276253
294191
278704
256323
231003
254174
279216
258348
272118
207901
272059
231728
252118
295437
288912
272466
295144
278196
261887
246026
233446
256721
228674
239826
280038
288071
256327
112251
59429
68267
100870
294011
216186
62475
72438
231452
2812
108886
34045
127181
229023
46151
245914
262277
3787
113224
40064
258983
120907
218583
215995
256317
280454
214587
78742
77240
101510
101601
152327
259669
291416
215522
105664
218550
260458
92894
92824
218257
247096
21781
251941
291583
220992
292225
248330
285801
90790
64313
13579
293073
226737
215616
52624
233221
97959
248830
232766
291256
290418
83558
97099
136768
293137
279060
279644
152326
46155
259812
134155
17915
70583
96305
115464
219826
221244
68595
43020
2046
261868
231280
228717
232816
232589
292773
60877
283776
247721
283073
245703
253321
292666
46664
157315
90634
125842
33852
58811
289742
261980
274921
290260
289486
33761
241569
239529
226254
283917
65623
255650
46262
31791
243954
1998
92210
17611
67424
63913
247718
218161
286671
289123
224819
283367
261009
291212
247619
290786
255779
281006
1458
113959
236994
255055
255810
283140
219163
262878
248047
112712
252767
294656
222211
204987
126421
69806
288055
123491
277573
290522
275223
260471
286788
289458
290148
283245
261572
273212
288964
229236
231001
122781
62273
218275
282722
289574
287420
280885
97013
254389
246212
110283
238339
285338
289246
223564
241491
271003
80051
214546
241609
219014
274881
94442
283272
72119
94941
110118
104547
5006
282244
275437
80877
233686
258764
66661
133152
285084
17930
227248
287251
19649
220089
157205
285310
80205
280890
285380
216412
285205
286269
247767
113072
236
287224
205164
220377
138059
225303
283483
231727
220178
243217
110309
57774
252287
254391
32236
877
262812
286323
260703
61406
2566
157247
209876
156606
231614
51357
156616
285671
227846
93301
219246
84751
70613
85674
21641
210095
245773
275600
153372
224739
155257
280976
247634
281413
283484
128495
282756
35447
253736
247830
283579
275277
111195
280043
282792
232342
204255
274912
63647
63767
91169
222388
208851
216467
129502
258130
46286
114500
62211
2798
282846
71744
240903
37156
282651
260871
283197
282727
284418
284249
32605
282201
433
279379
282633
283085
115895
62745
17635
283972
237316
275146
63136
205953
259882
222176
241501
224021
279231
260902
255689
246025
133529
275587
230365
257945
281999
225265
61329
32778
153461
64551
158596
253030
58704
245927
280409
217553
241816
261298
135411
241485
246381
242143
153515
115999
134363
262469
207332
258912
270474
89609
95269
229926
278877
4619
278404
31910
79948
279339
218695
224361
65141
281798
281629
250307
215866
236429
237143
256744
277805
237529
126385
86034
230127
118422
279196
276292
279283
97860
249882
244243
195280
60863
210865
280801
40360
216462
62417
250946
234538
75114
230189
82369
3218
249522
53425
37305
113808
65942
62110
100436
276501
2808
21762
258750
63301
219937
241112
237748
242977
3945
207333
137634
234910
1570
65859
255868
131906
110104
223447
3793
139064
112148
219543
275571
225385
101270
279199
228103
261579
203614
240641
214259
246496
279100
278585
226649
196972
251265
277010
278383
248744
201646
274820
278364
274955
63407
274450
272393
216074
277049
277974
244207
195339
224505
232590
83248
112439
245312
239779
256324
235904
228528
84508
277689
213611
41974
262306
212246
254827
233547
90228
157741
201643
274413
274558
227139
254514
247246
213306
80411
254930
252747
195352
62904
63485
61709
125837
225221
255086
99737
275990
214875
237983
274378
270605
57311
230003
274023
275677
236449
236262
154084
456
33091
79756
2584
271956
234586
227220
213852
97414
235635
207311
275714
80020
272730
275630
273081
273266
243875
252372
272494
257527
244326
270421
242879
241818
243396
157950
256116
205118
246246
272299
219446
263351
225072
255340
121517
214945
252403
215580
133224
271201
212196
228184
44593
106771
229906
5895
274538
135644
116928
89671
215799
34391
108261
2822
121581
235998
214032
12280
222405
271152
262955
204098
147050
265156
117830
261145
62264
82684
2085
257064
259739
234310
258902
273153
254972
271899
273307
227144
261510
94660
65628
272463
234061
67106
74213
235555
250923
263089
212389
71209
10938
251
66786
61811
261034
203756
211169
256377
223438
225634
270364
262252
230209
245684
97333
258917
250783
231000
271805
1069
261646
261615
245525
270579
64228
65900
235995
271603
18347
258154
51018
62428
84380
593
1072
223785
93352
71705
259271
44169
76659
270897
237478
261683
247674
157432
262153
4615
443
261449
220564
270677
247829
46511
106148
926
230069
231019
70445
70587
259259
214217
102621
90837
116939
262789
85854
46638
261079
74801
105849
67369
4608
202282
116930
204136
221392
258306
255793
239133
118477
156640
223397
260877
245842
90660
580
222117
205988
246482
241889
243149
96203
241492
130853
215943
88046
201834
42419
5068
243975
245782
248866
133774
258923
68545
96372
36275
77532
260806
260252
110813
119332
238699
256220
253983
111980
218342
125909
126255
65555
2275
67199
63401
260216
201888
223500
258342
256708
257168
201297
114924
157434
237845
248984
131062
154485
257209
66761
117992
258731
200753
230424
120549
248021
23330
258035
39279
259387
246872
258734
259389
258558
4464
223608
207434
255345
219532
213249
44857
157226
249589
272395
240633
220158
197140
224633
76874
218843
255293
257207
245251
72462
257181
237853
257560
257206
258071
233592
12536
60699
96884
62327
214951
208251
158141
90209
203413
138562
234590
257671
66562
112535
61096
73040
31581
235452
240114
233526
97122
255367
227042
1398
252257
244259
61381
226745
244817
239478
198053
239966
130803
251309
65143
156933
38693
2260
88640
72682
3755
1749
235811
252146
218673
253990
95755
238597
45658
88384
255867
155468
271048
157369
255590
227192
242876
252605
217667
17998
241771
218833
238848
253361
62496
247522
236385
239528
153488
237233
76075
65844
252727
207468
237512
72745
236277
126437
239214
104987
223599
74013
138436
251927
79156
156484
235727
253249
208942
197124
62073
197373
2355
63054
86621
75540
97009
94925
277350
1931
136855
138183
83238
30984
224634
217810
250670
196322
241257
35790
251091
253344
156029
219239
251858
225120
253225
221120
225785
214290
321
139547
72071
230606
158300
231738
132750
224613
235779
252584
221598
46922
206586
259730
220390
252376
157200
227022
220874
244546
200908
213612
118534
197454
96775
129398
249548
245902
154
236234
251680
231739
251679
251646
106379
241259
197548
130677
226706
244431
248294
197188
231899
67385
231034
203744
94028
208825
218515
80099
220150
238131
229108
248484
23436
200707
78977
250985
244571
245263
247441
94521
235389
250893
156057
250529
157569
196564
228607
1126
214174
221851
223566
78457
126116
132550
101885
83640
96417
36024
88273
67443
214068
90046
138502
157367
226558
249424
11372
155533
36629
106282
73929
248114
247665
242875
210239
249056
216516
206686
131433
194567
245926
242945
248089
241269
105532
117010
217211
62810
246698
23343
236520
138614
232865
133445
237545
84176
119539
216269
248592
108279
42502
105891
211079
241473
128098
195829
236436
236235
248129
214688
131365
218230
79246
206829
243861
225866
81686
211541
60961
66316
4170
197459
212588
15819
240932
136192
203667
247855
246155
244616
240166
126308
220276
103535
114481
246472
202405
247350
281467
247104
99363
202667
222233
236268
228622
227384
89504
214310
3320
30982
69851
1625
231802
197125
53787
237890
259453
46669
202284
89724
195633
228308
157368
242240
210098
245187
226548
346
2309
91638
86090
224955
226905
245615
219
118642
1972
245217
241480
242392
1414
37158
221546
220073
243348
243741
45579
11235
69061
230966
86169
225729
18848
157270
242394
76458
234721
95556
31713
223365
97617
124326
128250
124323
80057
93260
113225
49038
137893
204304
73107
83002
13780
104555
218576
94663
86164
125006
123992
68590
106735
244218
11294
201009
209922
242073
94954
153528
73951
242845
242396
197434
121241
243779
213091
152627
230682
156741
32608
133813
156473
120998
123995
128588
75367
243704
78484
222787
113585
241140
91771
209332
217522
229854
243178
241168
204490
278483
97569
209077
211709
96723
156095
83725
241741
121718
114763
220542
60003
121423
207784
66149
227004
242929
85385
221181
130074
56559
236857
656
3475
4241
241849
111819
4610
219651
219148
242238
220801
209391
196238
242571
241063
4238
132719
222016
60381
46028
83959
31736
221301
99654
79085
38559
101314
241373
222876
230025
17463
98408
45241
133470
127588
240105
31783
125527
82937
241736
215806
81049
220374
221122
238151
238755
31109
20724
241455
132380
234255
236450
236032
225283
226403
239243
233237
241162
152372
199001
216985
243837
238557
232433
213786
6040
9302
31654
226688
217332
39952
73541
95739
94244
238959
221486
196308
31623
125294
240563
210946
239173
106143
128072
76238
204999
232650
154820
194605
125940
69697
200879
235571
240196
240216
68006
1487
234717
209710
211051
66551
2009
76205
204082
77432
106154
79679
125750
129832
157195
239958
73265
62829
71680
239938
105304
1760
65876
95539
155292
221880
213895
194615
122194
107531
81425
235350
226626
230370
1300
156315
10079
239244
235914
236400
214924
239592
203450
239591
224449
1719
235924
237458
236537
110910
134095
239465
74739
200777
114655
233905
201076
202142
214160
236608
62725
120241
8592
210391
233378
222266
213338
224857
236406
238091
213990
87826
230826
90281
230228
88910
67264
78254
157732
238841
158694
45782
200701
225180
225287
196857
66084
237554
236267
234800
155421
76922
210945
236505
1855
230225
221504
238267
235300
33873
230372
236540
238408
155646
238395
222637
1647
216089
126362
238394
103149
236266
114160
79229
91997
308
85904
198050
207713
27993
78411
236006
120773
208264
216569
213609
87093
120137
97713
235441
88529
204210
104484
136169
239907
79
98254
117649
206510
228604
157319
27053
112745
155779
243410
194797
135238
231811
86784
204154
214128
126501
234787
210363
127372
134228
108538
235356
235228
107397
21409
155063
139405
236870
64928
202141
236869
117303
229183
237078
5835
236868
197436
216133
211779
115524
228051
234729
100796
201413
224330
2297
64401
202306
231677
235540
157065
234239
82591
38953
27318
90870
41889
7869
126824
158811
236265
99247
129462
235345
46298
7482
43982
66444
232861
118754
106158
205715
222288
236007
61387
93814
206017
365
232811
226082
123548
70454
212440
233722
253254
72710
136368
195814
213337
6673
217272
202237
202097
156240
207368
235405
203728
205439
233531
196875
233343
113268
204276
124477
119749
218351
137689
85041
231681
83949
211688
92649
233051
198090
290073
77631
131992
206748
215344
196474
73472
218928
217883
230371
216604
214592
229221
229962
225955
82728
232644
231380
96557
157362
216276
131378
99817
206817
87773
208427
232745
231483
37807
232656
110562
154743
119495
112747
231796
227318
231297
106515
231797
232815
110180
114461
59268
226803
156888
231858
137883
194613
156714
153654
128210
73554
231505
223400
85828
74682
201363
123542
227381
230939
217390
217766
61593
15079
202101
134742
210879
131366
47684
218435
155772
35308
228663
205214
158083
126485
156030
230716
61469
231331
204358
6618
106067
84157
80307
217945
61697
230815
87623
157433
106925
94734
229193
74501
101157
112163
207564
2437
47480
127308
94664
93588
74415
218577
102901
77110
125816
217180
226216
222835
220897
227158
153224
130845
230043
229153
226508
138925
61255
155780
136396
262
205040
221048
82060
224009
203417
65336
113962
81046
221908
79061
194756
97266
153282
198054
205070
1475
201304
128613
226023
228277
61153
122650
17112
19538
208716
214738
122652
122685
2530
218475
39518
223318
230458
196944
132016
227890
155683
289307
219018
229736
220998
32315
229761
69295
212223
226057
67576
210072
273578
125928
82782
85519
81924
217825
44549
228739
122235
202296
228628
227975
229509
81913
12161
65052
226684
158235
220674
228175
129897
61478
92788
225782
216113
227639
76534
133490
223121
1558
135240
154824
156822
198102
124045
63822
16961
205366
196400
105169
213402
225453
202139
157161
205166
226772
117678
688
105052
196214
201819
227322
43004
20113
2723
1606
225335
233340
226404
138992
194703
127706
214603
123192
127529
5148
241626
226135
135388
77692
216228
90296
63463
2342
227371
196421
227708
212989
227239
225780
225482
205683
225152
67773
224773
251422
226241
224382
224710
221871
207258
202577
224373
90808
221300
127621
213228
112211
205442
2942
80795
157199
205504
18053
62084
73613
223119
88803
139130
221291
230273
224981
116793
225428
225292
225039
222236
207743
63329
31911
81358
200732
204412
226554
126726
197460
225918
215472
126889
224387
156665
194573
100349
225351
222806
154114
224035
137040
127948
212350
128024
224047
210269
134465
17113
207493
196454
96237
214079
224920
154775
225817
157160
68689
107413
201949
208891
202998
3902
61378
216766
218194
219056
224490
194829
204832
203040
117465
157972
208493
210249
155231
114922
65931
138455
124800
102321
222792
157010
208230
223528
218961
223668
222839
129500
222892
202099
203857
67075
888
72350
123856
204266
153784
135865
222314
223669
169582
132600
223313
131041
201289
117933
125462
154385
195359
210834
204241
220009
119064
500
222922
94617
195868
208713
121183
203554
223601
65819
220538
68854
205440
127714
158876
221525
219788
214961
220932
194704
61575
45666
127447
208073
156819
220229
129552
125713
196906
46268
219064
221189
218932
218268
72027
65304
87024
211698
211288
209504
138169
220116
212171
220650
195780
216322
221744
110126
222208
119510
220499
134375
219077
221955
216795
158625
220597
284605
86596
221520
128300
217699
298256
201902
154795
4589
202213
291371
104877
206285
218476
95555
197875
216386
219053
208569
117030
197242
219697
202102
221483
218521
109377
49297
31356
75123
216811
209650
156658
195237
139099
135720
154494
219066
214063
128066
220989
205179
219067
19654
218804
125000
217858
128328
218137
136733
218896
218428
219063
135502
46434
131142
1420
139518
218184
219451
157221
99145
203178
138561
106694
130125
220030
31586
82791
156085
156820
196412
213313
217710
217662
136394
155911
124131
157744
203780
114187
215298
203495
215232
137430
213241
136311
212294
204572
156401
155973
139396
217218
72871
18520
16400
135959
158293
113098
194899
84162
203704
211642
217658
139287
200945
195747
217460
114410
203697
214078
99346
36222
100088
126725
101149
92967
215788
206085
202190
201886
121567
216629
79478
217701
217965
3382
96228
217082
91502
32692
112581
125392
155623
137831
216575
135334
103416
207938
87526
214088
66599
57755
46080
157080
213502
215837
202018
136794
135814
156902
139096
69889
122021
215092
112486
106541
195298
35339
205748
2352
115577
210916
215836
158050
210532
203741
215629
214949
137437
75893
212284
214609
25850
135868
130765
210942
137043
215835
59309
214307
212921
203805
213345
201948
214454
111837
215111
128246
156934
214180
212818
87049
213573
214257
210713
124004
208853
210955
213608
106116
214837
130567
205272
212105
124958
212900
115996
121171
213134
1068
105775
155631
213288
113888
40290
214302
197235
195382
213779
213315
157181
126929
90669
114463
212512
157747
212869
156811
111263
122369
211790
213193
208336
213359
73358
204667
199175
115506
211789
157664
204554
124643
203489
153715
87994
209493
130791
69355
212109
135312
212870
605
61833
2121
212060
213803
211855
135895
130464
118924
213909
139628
78582
122587
213462
123594
158697
155137
212464
201874
155226
83867
128266
205971
196965
211942
203085
123531
208730
123348
195684
128113
83659
210235
195635
194852
127585
125118
213272
211104
99747
126883
139309
134675
158017
157061
198189
49920
137872
108291
95403
136135
201213
136315
210939
124714
129057
130822
127162
3452
202137
136735
64460
154481
65802
208596
117176
212186
210750
210922
2140
134057
202359
199951
210195
95341
156883
126484
207459
211694
195623
116609
119847
211243
127325
206709
208691
210232
100383
118189
155924
139061
112489
194610
85950
202121
122198
208952
204684
126254
96316
158224
85526
209167
210071
93751
130477
258987
12786
32726
211792
127987
209381
6005
128188
122045
209663
201006
211269
209614
105804
210694
129604
88993
35610
64710
45817
61459
117162
207269
157202
197526
133908
206088
158053
206903
120999
117785
296931
126597
207941
124278
128485
119039
220586
199935
39859
207704
205657
2098
112321
209390
208527
128013
208720
135250
209032
196041
155659
236787
105248
156898
153665
115991
202972
128384
196603
117706
132629
4018
207933
97970
122169
2004
203555
208991
206087
131836
64852
1716
208925
93158
208589
204577
114502
157215
19673
3917
61014
207639
115033
207642
207512
111934
9834
133700
207470
207461
153307
207841
156837
135198
135187
84773
7354
46261
33907
61120
83596
197189
119209
132171
107005
71738
111800
107114
123525
208759
194606
206075
2902
10942
132159
114138
119945
139566
156935
204284
128076
206232
110170
201124
199318
206910
206010
205793
128798
135450
109804
206929
232125
206492
226529
116367
129612
106734
102638
197494
103302
108664
133733
207737
127424
157742
208709
203502
97469
158138
4459
107119
46949
198085
58450
207320
201380
206180
127641
195822
205788
110531
106431
62556
245648
196511
11167
201285
115694
135134
83095
155892
122048
203687
128095
39957
61720
46020
205441
157485
202880
204774
100975
158615
124363
122287
195815
128641
157261
205434
123925
205426
83207
154521
68975
206187
82204
124900
139001
127635
204129
120155
108296
9867
203822
129959
122648
202864
204302
130381
115521
61789
33765
71172
41731
154647
121009
133808
4929
127856
120089
90999
204852
135156
201331
130656
158947
115953
201659
132188
155537
201177
202709
122066
124152
121787
130950
138931
129565
1996
154887
61871
197588
99598
203240
198146
200731
204416
95731
219760
73223
60705
133784
127716
2228
113987
112836
201105
204418
201477
156507
201028
119925
202429
81322
1916
139686
200861
136739
122053
201838
194766
158051
114201
134955
158139
111743
74916
111616
121693
127943
107013
201710
115626
123534
86163
107407
202311
65294
199311
153723
45762
131431
108544
129141
197165
99858
118663
103516
40143
210141
202065
92830
104999
4334
133979
202010
125949
114105
125714
95171
201320
1765
200700
123854
197549
131404
90293
136322
126118
98734
253370
111110
79886
67535
70128
92579
196768
71979
202844
4345
66203
9929
197107
197429
125474
156812
128839
128015
96722
107365
111894
1551
126301
117884
4788
116799
196556
119335
119060
197679
135022
152511
197427
122196
137527
197190
197428
131028
211
135386
198200
237313
123349
200982
10094
157008
128010
158320
195927
106388
195292
111747
117732
105521
122486
195926
195928
99070
114068
97293
132559
118357
129501
195930
195099
228272
96230
152291
24211
123186
158916
197248
73199
125935
117731
125438
113984
102220
135529
136745
123378
136741
152451
102878
195258
97951
156407
195407
118303
137570
137569
137571
126528
138955
71171
113566
104127
103787
156866
113985
158296
127161
127942
197530
195925
196122
128591
105306
117505
125282
157059
112169
130842
108268
194682
95480
155645
130048
123403
114564
110382
111442
169590
124067
129642
158809
95544
46122
117821
118906
136738
132922
65708
158787
32815
60108
109939
128067
104712
108683
128071
52814
158764
20153
158336
82428
158648
137650
94252
107701
158913
121481
120909
158396
158646
124010
157726
138995
131719
72351
43062
157514
124902
106393
114925
155493
158634
124271
134581
158793
1434
158233
157361
61915
39491
86189
41815
8335
116135
76004
152483
21506
139798
95396
156135
154535
194878
109930
156441
99002
156595
98101
102192
157219
154910
155099
112833
155094
129475
8627
158779
132009
157429
41827
115639
51817
106308
290321
109470
154911
2589
118958
61511
146109
156059
155714
155545
103786
31631
103972
135934
2604
126506
113256
118821
126660
156746
4229
156253
557
123876
95665
155496
128718
106454
154117
75871
137164
92844
81144
81723
119927
121066
137255
119845
9026
155594
70881
136069
116450
154810
146173
153519
88713
6850
54344
97082
3345
139792
3478
138519
156077
85702
153411
112063
51001
153574
95601
136479
312315
138190
134601
136998
101881
114413
118956
118512
128236
139397
99966
111838
104002
95532
114162
68073
79732
105
135453
110492
103
66620
111500
121658
66614
90972
3137
153950
78941
127159
131478
154370
124031
86735
64060
153571
89844
103672
104954
63214
10779
130387
8392
81026
104690
119459
111088
14814
100350
2906
11721
122285
134369
125179
127393
951
137440
3022
93782
137126
154269
152360
115036
61854
133439
139799
152270
139155
136308
154376
117869
105634
88165
138758
93554
139301
153966
146178
87983
127858
138600
96777
91977
71780
116887
110695
114649
124791
133811
118630
12965
58539
74440
44953
114992
126410
135371
112834
101872
137453
113664
68735
133723
139575
133090
84234
195922
134373
50825
98680
135809
139401
126326
127509
138089
125676
90816
133727
137720
137903
102925
71645
135864
274771
8620
157851
85866
67667
261970
139009
39525
127599
34307
137584
96398
137132
70787
104711
104521
139416
134029
136101
133342
132428
95215
115771
119464
133106
137717
126400
217309
136300
130232
35519
106936
72457
40639
33217
109086
113828
114641
106651
121898
102540
100120
67132
119069
136752
115304
67265
135799
95925
87340
17322
115194
95205
94245
98308
64264
132647
119955
131927
29143
13023
137646
132375
107597
105009
130392
137899
116045
125991
93564
117532
132316
94605
113710
2913
4681
57447
120835
137004
5687
127426
133620
137003
111312
113901
135597
93749
118169
90462
120349
3772
126698
111150
123364
133153
96580
134364
134902
110356
135385
127235
11818
135908
134367
97525
103023
133304
97727
133356
110173
113036
118947
96715
93221
119761
129680
102541
117146
104714
102887
133355
111834
133537
100412
128140
90814
133624
134174
126035
205746
1892
4603
86848
81822
133359
129019
77772
15632
46021
18123
133637
61865
3172
76747
2122
99119
133064
109330
133358
112160
123381
133089
101591
133357
2426
133086
114501
2384
15655
12782
46189
111141
97754
118774
61389
230
127865
131808
134678
74316
100354
155436
130523
97400
91980
114478
112077
93405
108303
99310
648
110818
126422
636
127425
132583
93740
128036
132158
132105
124339
1988
97083
129776
130969
102693
4232
104022
121460
3035
120140
9985
133814
4568
130077
103992
112517
7072
46143
79068
44807
95738
58981
92628
93811
68018
116249
304849
130372
51675
4455
127108
109476
41811
69316
61118
130688
99073
131651
95386
100565
131830
81349
100010
71225
46019
1920
31628
33234
107113
93831
131584
99652
130119
110534
131114
152369
117910
130738
39775
36951
16616
67984
2560
129675
129933
88989
130044
4515
96102
94810
129495
113627
94137
50731
46120
75209
46182
46018
93781
85582
126794
78154
100834
109616
106567
130795
127821
92553
62320
62287
90702
102272
85862
82
62146
130364
129418
124897
128068
80986
129674
88516
126104
100127
91363
130396
7407
98201
1433
104359
111474
12895
109245
59092
4895
42883
126675
66825
3578
90970
124416
96718
3763
129024
102903
129206
129677
2957
114503
94235
93288
100757
93233
128500
71340
85801
931
3611
2675
88236
2190
128255
117682
100617
128254
47
99353
76692
125910
126396
238518
4630
2362
1546
126304
102085
118321
103254
133312
1615
111803
261741
98892
129936
4620
211124
3319
128251
1438
101048
127643
127289
94232
120462
37606
15733
83605
90461
6310
127626
89578
9805
31132
203053
100444
110119
115567
4616
2947
95057
4303
87393
124394
119181
129489
96658
1769
116174
94167
117376
101918
93704
67697
28136
110642
108351
57022
124101
127571
2720
127617
97084
128138
93290
2005
128273
119279
126280
118102
128047
127940
6504
102904
125972
111815
4266
113622
100379
110545
125409
111177
897
82156
114547
114868
127650
88052
67809
104157
113963
1777
118043
125970
124630
12961
117648
60585
109373
42878
553
94924
113246
127389
2290
125629
95839
67026
71578
4658
97609
125027
103768
91552
98177
38974
96488
112111
79525
64432
1908
126451
125350
124561
88987
57553
123084
384
103156
58823
214346
1215
82798
1435
87194
65334
111925
2327
94424
66276
97645
9045
61599
124366
116041
62875
259909
124407
34967
120984
39793
96571
96213
99617
80039
103157
69630
34406
101332
121509
60905
1877
30791
52
135454
7225
64387
114695
93484
2429
112718
122672
60554
105971
97180
121629
124831
119988
96160
107422
93716
48866
125040
112166
100226
123138
124451
121628
85720
106899
115004
26777
5343
38233
83344
119815
260638
230218
81290
122694
67384
10906
97186
96716
126510
114395
122884
67252
2855
99048
56570
1100
31035
80828
15166
4607
60573
88523
117327
42295
61733
120582
122249
114621
119565
60602
65495
117023
92875
50128
95557
40075
88365
125072
60791
98968
93454
91820
120592
114116
120008
100049
75379
107266
64155
47054
118587
98187
99588
87313
120168
118439
32716
106149
99995
40008
119180
119934
119284
87523
69629
1450
120849
3322
61888
118815
288
39898
2345
17572
1835
6263
70897
49157
307437
51704
79618
88396
5576
112162
39483
67928
110948
54155
4731
110344
80230
92045
120383
15260
119831
86430
139529
106707
72039
118876
91445
62142
61463
71694
66282
118241
38867
71885
89214
77947
90705
4588
42272
95324
45140
119337
3934
119759
83015
89393
4626
93808
97513
69480
117656
117581
693
74204
118680
93736
71440
102434
66310
97173
118585
2734
61175
100771
231100
84112
91875
116989
35279
12637
115645
110529
72744
85937
104819
92500
93705
72748
116111
73021
116986
97175
668
126397
116787
87428
93520
115857
43901
84200
116250
33001
290407
69581
76303
86382
108171
1400
307896
63130
127365
114705
96677
85727
86897
102395
69557
91520
260823
99896
115391
42906
116105
71737
203048
114419
93287
65251
96648
81792
113600
12838
31388
119089
93816
71146
113415
73295
111841
20056
110316
94413
113367
64150
82001
113178
100347
90812
87776
110222
88166
111647
85021
39468
111119
105229
70453
89440
62335
44037
280110
114001
99799
59375
58956
112468
94267
62117
112442
111625
85077
97890
111462
61345
1422
73671
232645
44317
86343
87539
86686
105883
83851
1411
111111
87739
111885
17610
169588
60622
82209
93785
4313
97711
39980
105904
100157
79084
105177
60572
74323
71342
84840
105731
95941
103913
111780
85964
240992
99807
104229
111501
73157
99583
110862
110512
109958
92684
84580
86060
75298
84612
88213
3570
87265
73864
95202
111086
94305
125633
94002
81747
1436
63623
82596
71411
99741
74728
66025
104669
110935
110115
73586
110412
80279
4402
4614
81354
86942
110193
1421
93522
242540
90259
84503
93741
96734
99769
108298
109483
110152
88071
105488
75523
68665
91545
241651
87846
99232
106292
102619
4605
77591
65315
80703
89233
71577
79299
42445
108347
86968
64165
65063
20875
2553
407
3750
71951
100074
5917
35993
34639
65988
61671
117307
64166
97546
62649
68003
103425
51078
123426
95356
82816
102281
106238
79033
79086
67175
2038
83251
103849
98494
90766
89092
106530
64367
57092
93812
81987
107375
72541
42789
87017
106513
105489
89905
104743
99335
106173
71391
106359
86588
86200
241362
69513
79095
61330
66185
106525
98628
1809
34415
4629
113625
19769
63454
81983
18352
36
73200
94423
5232
60858
60726
83125
93289
105213
70331
67117
61546
105214
4574
87689
39276
65386
303181
90257
105846
49011
103783
91371
105305
94551
105288
237013
97710
91630
16703
13093
63817
98728
95885
92077
119036
73667
41829
74615
41263
34957
105733
15429
45866
42928
45818
46100
45865
91748
41802
20613
38204
17416
106355
42915
46101
71611
46125
46162
86132
46142
45816
127898
59599
99137
73752
16183
14424
46160
46145
12387
46121
98034
224012
83595
46027
91941
35159
4184
64500
46126
70984
69017
79694
86428
86365
83127
90282
49009
32406
24106
25707
61923
85922
101097
71731
104108
1447
4177
88455
82516
80070
32868
89572
71018
242314
75113
125423
66023
1104
252020
87216
62413
73925
73816
80335
87050
102905
61864
92371
86632
79680
87518
105191
93292
81357
107509
13916
83936
21510
63646
101699
98198
66840
103759
66980
549
94154
100333
66090
90265
69158
64365
103411
81938
67861
95272
108855
102290
76284
40162
3498
73544
94536
47665
124915
17109
102596
1481
100883
86248
79410
100897
69541
96989
1695
96713
60743
69959
95071
87784
89247
103659
81918
66830
45094
84777
99671
67883
95543
44606
96608
75663
61222
1426
1406
60804
79357
75797
78058
63926
100027
92685
2316
80968
93784
98161
58474
94761
41727
46331
84282
99874
79501
17674
8361
99581
65312
73602
95
100901
92807
100052
100895
95259
77385
99610
99356
73059
97539
100698
81499
83870
100023
61662
97405
81180
84534
72597
47144
95969
100043
92891
62433
100429
2317
100417
95339
99620
69050
62852
126120
6298
2328
98178
94372
92137
7979
71024
79240
85703
99864
96676
99103
87763
314
83300
90260
95977
99385
90811
206494
99633
62234
68799
99517
98887
62699
91557
94951
78969
91246
734
86423
4602
99125
85349
68796
4586
89387
96481
1404
96853
74685
64752
6357
67557
1401
98510
97390
73927
67156
61852
85949
93826
79649
84661
75006
72442
84977
67070
79460
82199
33880
80336
86769
84896
158532
94659
95670
75782
1423
80054
97441
54650
95599
81114
96815
97739
89630
83050
67683
81292
95594
111414
71892
87917
4920
98754
64570
96348
46260
95229
31251
62137
63639
67457
88055
96314
86401
74253
95986
95661
81704
91602
95927
67195
96376
93219
79611
65494
254544
92443
4395
70796
81559
95612
64311
94587
93899
95417
87778
65854
94449
83245
79788
77031
82856
76887
66573
93833
82883
93953
94281
80752
92983
78847
93016
95121
70485
93297
76231
240406
94758
68507
63201
78809
95579
89901
83478
95292
92926
93878
93886
93888
71116
90027
89171
82700
64464
79696
94696
615
86340
91275
93557
92916
62017
19885
65817
67142
86831
91725
87104
76669
85586
71809
93159
60574
69925
85837
66147
85427
63333
93533
76331
78412
71308
69555
77448
2538
74387
76305
248949
1395
67744
79352
75380
82257
61239
70573
83047
80350
70437
91505
91348
84154
78074
92097
90955
80357
86752
65166
82498
5371
75159
91850
91907
81356
81239
67280
77236
105127
124324
46299
86803
79130
76479
96263
77601
79323
3556
91296
64379
90855
91056
64122
76467
99241
65242
89287
85442
79863
70215
64199
57532
72787
43348
80108
12697
3560
68367
89785
90290
91175
85940
77700
90822
90725
81188
87107
89618
46648
62455
70168
81127
85552
88378
100712
81922
118101
85273
89666
216619
87832
67832
69309
201110
85487
68603
71816
66292
72750
90111
74547
67232
108545
86799
81355
89899
72742
80748
71915
77459
89490
88239
258640
109458
75365
62715
62286
64503
46639
64513
4087
71769
60948
39340
1973
67158
66788
62517
44217
65820
4938
80213
60972
10545
71181
252
75450
4429
83381
67136
1402
75191
47640
39852
101359
76719
16997
46896
60802
71712
74577
71383
46952
46533
32754
34524
71790
153268
37680
76773
67198
46296
1409
73010
65784
66871
71886
63210
61664
71789
60797
39269
69470
70513
72792
78090
70496
39358
48865
71663
66676
62816
67405
2288
31917
64230
3051
69740
64394
62674
282638
56296
1424
77606
68315
269
62490
79242
896
5920
76954
80046
61859
71967
66857
78183
63351
62560
68202
67466
66190
71887
67116
73411
2875
63174
8358
71446
73117
61427
61418
73375
60866
47450
80743
83295
84104
61056
1425
1407
1639
14929
32798
39351
1416
60708
71715
73467
1417
72752
1705
1668
224414
66008
2692
1408
86850
121
3769
1405
74802
62643
40293
70523
2458
1620
62858
58841
62650
44006
1419
74175
48891
70484
1911
1621
62710
42009
46786
4613
62704
74278
82529
1274
2171
4500
70785
1413
72844
68421
72755
139348
240022
271855
57276
254071
198178
229891
280948
292625
306502
94647
224372
303077
230936
213181
83527
281401
63145
240
1396
62126
7448
46928
114479
156716
63109
5459
46150
68716
90234
1403
62127
83379
158415
38472
92782
46157
86941
92783
61550
42336
62688
116569
90180
62285
204095
114472
67178
120452
133903
62916
285770
58142
985
294344
54728
303927
84958
66014
33025
92749
95897
259140
57706
212907
285195
1906
61889
271026
70716
240411
2691
62917
136295
88040
37854
302919
102661
103944
104032
104074
105017
105044
105211
105644
106159
106753
106935
108911
110558
110749
110911
111538
112138
112601
112613
112615
112616
112837
112888
113240
113687
113988
114471
115970
116386
116736
118017
119122
119168
120587
120932
121792
122826
124426
124834
12577
125988
12599
126
12609
126525
127428
128118
128237
128480
128510
128676
128826
129478
12971
129888
130456
130987
131083
132752
133678
133775
133938
135035
135155
135840
135897
136248
136841
137094
137520
138911
139171
139280
139783
1418
153312
154822
154825
154861
155440
155441
156397
157203
157239
157285
157345
158131
1622
16372
17149
194511
194583
194831
195288
195670
195841
198004
198049
198170
19836
200709
200875
201849
202318
202886
202960
203164
205319
206629
207836
207863
209626
209707
210875
210905
211039
211468
211684
214258
214582
214997
214999
215001
215333
215385
215508
215720
215912
216082
216223
216310
216760
21729
218530
218539
219652
221522
221802
222559
222623
222925
224390
224753
225171
226362
226527
226740
229480
229609
230448
230777
230923
231749
231873
232616
233256
233408
233523
235355
235758
235978
236536
240892
240993
241454
241628
241883
242054
243316
243403
243881
243964
244617
244620
244623
247784
248086
248394
248982
249042
253905
257221
257992
258707
261545
272418
275464
279013
285889
2901
301104
31741
34069
34152
34821
37851
3797
38251
39497
42421
43865
45615
45815
4601
4686
48406
48585
56355
58566
58832
60059
60625
60826
61407
61456
62565
63451
64872
65053
67063
67524
67780
68129
71014
71728
71810
71912
71914
72026
72613
74091
74414
74620
75219
75864
77169
78191
78483
79434
79818
80309
81284
81494
82452
82895
83639
83685
84768
87407
87415
87553
88324
88328
8872
89008
89602
91239
93490
93818
94462
97250
99491
95184
253395
66732
208397
222766
137940
262920
224285
35287
86031
105556
226415
209502
42995
14853
135157
48892
95111
79238
82658
105748
71640
80843
253029
243155
270654
204589
96164
263035
81016
70957
240440
74830
271001
63500
275624
99497
133748
45871
271885
99121
84231
63247
85271
86550
117488
138501
129029
296929
86943
205307
281679
293613
304790
293304
232018
250308
79622
94997
233519
258462
283610
288908
244416
302723
138971
271267
18165
47663
102179
73043
287447
30669
121659
107498
244628
214087
128331
241405
87712
284235
256355
249023
261363
247704
241278
39205
275388
252591
278004
218510
210218
287366
225383
62823
287926
54671
226637
67135
244033
156989
225399
284792
99530
229513
79026
249695
245256
247518
239362
228878
257048
202879
153657
207411
245079
112945
219971
245026
229711
209725
79593
239770
228958
76819
134865
79744
201992
203616
250312
207334
85723
202555
39272
124364
60735
129286
224785
272236
46404
95509
202527
273693
263132
111482
96885
262640
258259
259172
262455
111487
214095
206419
208661
213179
211774
214036
214156
214089
128264
213105
213118
204966
261792
154359
67752
80059
231644
131252
280720
238105
255886
96271
78307
252578
253027
115465
70740
255805
240062
225374
157234
49474
74676
255968
254650
257960
71359
153266
253572
91591
237178
262794
99876
261708
117318
116106
73693
250590
248358
244185
225358
243545
92420
76016
257027
59724
122593
253242
71124
86152
69056
196981
214250
156439
115773
72405
242631
86660
96983
90456
227274
91462
128493
206240
240064
230820
78928
83466
64103
138517
58848
254240
227521
98410
70538
228243
134090
77760
231824
231763
77281
201248
69916
207504
57478
43001
248590
120161
86479
213490
126150
98927
245784
35358
62058
205154
230463
230272
197086
80301
230466
73320
92609
154877
68432
99150
60911
91987
75497
218963
118812
231217
125278
208944
217229
231018
197178
207505
76300
204357
66669
119446
156701
156662
221121
71847
65688
94064
227683
231821
80714
115596
100095
204492
131268
139630
153402
219382
64989
91183
218125
70728
62543
80991
61729
222172
202150
211487
227971
155935
225206
212348
71956
218502
208549
209380
218835
171398
109611
214062
95574
217752
217417
68909
218982
214646
217328
100161
73319
207862
206097
197496
210688
67823
202761
221765
154050
212750
207992
33827
63462
67929
138597
253357
156053
210661
131244
153227
104541
208734
115957
60603
158698
208564
154160
116957
130385
195754
130388
103877
153263
81464
127785
126477
93963
66461
130663
128497
152312
74353
116504
67760
118954
116647
103742
59271
246014
124300
124081
62007
70249
116019
101499
209303
105881
76506
104682
195821
67743
95913
89498
89763
243084
55866
64043
16952
75456
43016
73575
40043
41874
75415
253767
244463
99479
239006
256725
247195
65895
279720
112706
102783
129479
94083
38852
245042
271360
249928
69610
256381
137408
221550
224732
95485
100857
64812
53095
65412
209408
275591
246808
95968
261121
248155
41825
234674
235199
243073
72903
255074
250833
216937
57646
240054
62669
237343
257513
237565
250385
260565
237530
237333
237337
259902
213086
136732
138503
253451
122012
138055
105231
74000
229776
68095
88280
250951
83435
227212
241613
119769
246331
61150
203325
241756
219038
235842
94615
233452
169561
135929
230735
66256
210084
222059
221007
39085
214483
106600
92648
129000
211065
254474
138251
89410
236033
249906
244071
247264
95484
66082
227189
252141
114118
230778
223329
240437
88974
209173
237508
235619
201146
207668
128703
93975
89672
197103
216927
218036
64434
157430
106818
214873
215356
197439
16420
210677
106840
224232
210234
100634
139353
205821
207371
81318
220561
211705
233954
117878
115663
153169
209482
243691
157208
209750
210674
221939
215384
199923
133091
128002
156854
214406
157214
154051
201859
217806
242503
235576
246711
231268
240052
214993
249763
228076
209226
89927
72549
83165
152471
230242
230198
64529
223212
222425
110181
230824
70649
122009
202783
233205
216264
138385
79342
215072
66776
225029
233750
62299
214478
225178
216424
217337
226969
36368
88783
103147
74887
214994
63417
135154
101906
137206
31417
218038
120199
109866
224900
129887
229210
155040
95486
224479
224108
118871
212204
204027
218177
228957
114195
221416
115538
37722
101243
69850
131026
230241
210704
216445
61611
74076
74064
229371
206619
128995
210107
82437
127814
221102
216576
210733
211217
218238
157383
214891
208834
211748
210586
228965
68398
82237
210268
136283
211746
196526
154916
156406
138663
197067
196907
67084
128883
93097
93846
78385
94796
74821
87527
60957
75387
50016
99047
112152
100595
96462
98986
94523
117880
102088
120142
123249
114198
121078
111576
105476
114892
121964
116725
100567
61374
64196
158620
117422
125092
88377
47711
137904
75768
31556
58531
4604
241554
4057
1399
10425
10400
1593
2612
55341
157829
195916
63311
1457
1199
333
3215
2268
12539
5381
2585
1429
1271
86657
84390
72784
216803
225223
18048
237480
216699
222289
135023
12926
20945
238689
80096
13179
46901
19615
213026
42679
46173
221587
75627
82882
20463
82328
128794
209265
18341
209085
88521
40817
41743
209117
20885
82173
79006
41698
46119
196429
123331
204370
88070
42268
15277
103540
203688
299713
72637
282662
245640
