256694
228671
286691
318918
324502
336308
68165
80400
40351
88865
42509
106691
69346
95346
130857
254354
7266
22432
286346
96556
106611
213044
76121
315187
61223
278475
42573
223911
222624
284442
232869
284445
219648
35935
42705
35753
57041
71194
76572
76346
207250
45950
236338
77694
207521
45997
156610
9980
31572
902
4194
216878
203740
323839
1664
98137
9262
101512
64572
32910
11000
4508
252512
64783
2979
70047
1720
91425
111358
2936
1848
446
652
99777
91656
2405
32118
88367
209708
3809
79093
234
261304
310084
7821
15804
4606
31527
80805
124331
70823
63181
2235
2745
197322
46994
215429
138505
12504
3854
21500
67431
83414
4752
9957
590
117166
80040
281233
64414
103159
720
6616
10091
96548
72468
177
255760
211638
3411
101848
131532
262700
76120
89456
2129
203949
301715
256953
304597
6549
309792
73673
238843
110070
62741
61174
962
14675
249907
62104
255107
312884
241138
78239
295357
56998
90937
30981
80564
215401
247367
83100
241021
246862
11279
240576
71026
63157
136763
203884
257724
300104
261557
224022
156609
74866
82235
75646
70140
210386
65047
67459
219004
91865
317375
154010
72898
10926
86838
111794
137644
125765
210699
154096
218998
67657
194768
113299
329903
246913
113905
112454
238903
204930
99560
78250
158061
81665
111772
71986
104065
41997
228673
91433
231848
5263
138555
57748
79888
68617
219799
281485
1567
72636
38084
111790
296286
115911
217407
1618
34356
95479
205050
50035
246
288971
300480
286791
91801
38464
139512
289324
244808
296756
276393
110792
230059
203737
204024
228721
133387
298103
312020
16097
6670
936
286345
315054
312266
98865
99778
116727
296101
309974
284581
298831
250008
66958
34751
117120
285574
255358
314054
326119
297826
112667
312507
314554
312949
270603
308874
326844
296437
302051
307585
137643
285993
324335
312849
293489
287075
302824
287028
308403
300267
153217
295071
109805
296436
298994
254101
204137
284029
138987
274622
201478
3303
285818
71785
208067
204135
229544
65842
35894
38247
290295
95073
102432
297438
387
99618
248951
121947
256695
261780
316945
227950
478
2579
128212
2568
26453
82456
296232
286361
61838
196285
312522
305567
295751
283888
306790
273467
316832
320619
229858
291414
224263
91343
83103
42917
277513
272073
309163
85065
207347
293697
290019
284568
300054
306721
283428
299144
196950
288590
91768
283905
303796
316424
300131
312293
296870
300126
295999
305329
297557
306121
288551
284447
129600
72509
316973
291403
305386
72517
260463
312474
216
63522
40044
890
13800
289219
301944
94404
274671
304820
303434
286291
280049
259544
287591
275902
154526
285291
284432
296851
283891
278271
41676
288659
299134
303460
606
74606
2660
234776
209867
282946
281161
604
77293
135918
284444
285166
294280
259819
127532
285357
289892
306762
278043
263330
254492
271609
44305
121720
61886
84587
299778
302540
278604
136342
31499
285788
289217
291904
286822
271607
293703
676
212766
232230
258348
278196
216186
236994
271003
216467
62211
133529
31910
237529
65942
2808
239779
41974
61709
456
80020
5895
261145
82684
2085
202282
245842
88046
65844
126437
30984
46922
236234
23436
138502
202667
83002
220542
31109
6040
226688
31623
71680
79
126824
46298
154743
217390
207564
47480
94664
79061
125928
20113
2723
205683
88803
224981
3902
117465
65931
67075
888
72350
204266
139287
114410
126725
115577
210942
114463
157747
96316
32726
35610
2098
114502
158138
83095
127635
129959
120089
73223
1434
51817
135934
2604
113256
118821
4229
70881
68073
79732
3022
74440
195922
67667
33217
105009
94605
5687
18123
109330
61389
1988
3035
130077
116249
91363
111474
2190
128255
117682
100617
2362
1546
37606
31132
65334
97645
1877
95557
99588
39898
110948
15260
45140
3934
61175
85937
73021
260823
280110
44317
60572
74323
3570
84503
67175
4574
61923
64365
64752
95594
46260
615
62715
213181
63145
240
46928
133903
985
294344
54728
303927
95897
259140
57706
271026
70716
240411
88040
37854
102661
103944
104032
105044
105211
105644
108911
110911
112138
112601
112613
112615
112616
113687
118017
119168
121792
122826
12577
12599
12609
128118
128237
128510
128826
12971
130456
131083
133938
136841
139171
155440
157345
158131
17149
194831
195288
198170
19836
206629
209707
210875
21729
222623
222925
224753
229609
231873
233408
233523
235758
235978
241628
244617
244620
248086
2901
31741
34069
34152
34821
38251
43865
45615
4686
56355
60625
61407
61456
62565
65053
67063
67524
68129
71014
72026
74414
75864
78483
8872
93818
95184
224285
86031
105556
30669
214087
218510
228878
96885
138517
120161
231821
217328
158698
208564
138503
110181
98986
94523
117880
102088
120142
123249
114198
121078
111576
105476
114892
121964
116725
100567
61374
64196
10425
10400
1429
282662
70311
206484
104155
297235
107116
30983
76139
61485
106126
127549
61512
118443
298026
114199
295142
275987
256783
95213
293144
108977
202770
96042
138882
93649
98584
96150
114202
97067
90366
107408
96655
295483
285743
45195
113780
94277
288589
290667
274141
293629
295366
276110
284969
253476
285933
294867
305163
239320
260983
236565
258579
284495
229295
289273
292624
278635
283935
42944
262453
286404
286984
278059
296287
284644
117879
287278
286388
283880
280048
261343
284388
274810
284433
271576
36041
259466
197368
280042
34114
238892
259337
222779
234443
139173
289197
274548
285828
281058
241811
234176
274546
272556
279220
283884
137065
262254
286723
286434
217247
281615
274741
283705
280366
284771
271649
284448
279993
261392
276288
262377
277581
279989
333350
243327
280078
283322
88554
84737
85063
107463
93256
273600
68100
254358
260569
63323
64706
63187
45998
62171
215615
281623
254853
275623
278816
256109
270602
274069
281042
283360
262929
278050
279731
133154
276880
258055
277222
274737
9705
35971
87476
93845
60818
80613
65615
117595
45235
218291
243743
45527
273332
56352
282209
80671
262141
260822
273051
65333
194916
46227
34852
61527
88044
83314
80732
236000
270487
257603
243452
67853
74095
248947
138357
249031
34163
261148
106650
261745
54241
258578
204635
245561
258228
258994
261301
273048
257790
261311
249964
247859
258229
244592
280906
257609
249545
258680
250994
281545
259788
259559
276204
210899
67676
60654
88062
34662
42692
66856
259787
16660
260689
270659
239764
119100
250598
95039
243216
36157
65676
213421
42142
83116
28061
91160
36836
243140
68400
61408
42468
39435
45275
229743
245285
239161
222923
243141
45213
216272
72028
196287
209845
210511
218146
155942
206033
239853
241928
46004
240682
237150
34072
236392
42916
107255
125712
76219
212273
236533
213830
225168
153697
66103
229676
203124
55912
24458
38671
45801
34664
37529
139551
46170
237045
238846
217755
236532
156688
112010
99787
60659
222930
229443
208445
197848
218493
236930
221165
211093
46423
232926
234995
206630
222784
194665
35871
205672
221310
236142
231357
73833
223780
46314
230823
223565
53728
139060
45254
45211
99083
220286
71441
198152
21918
45125
136840
96402
209604
203045
234740
138180
100258
1042
211508
5863
157571
64375
221418
206799
156197
74191
79654
95909
78482
69289
60667
110207
93875
100368
132917
229612
209829
217404
115236
218684
100935
62564
112398
96139
76757
113137
214540
221148
153336
214649
230050
217512
240125
222798
69287
229610
219673
106301
196257
98823
230288
220779
213331
216523
195459
153450
98123
213424
195990
137718
156563
195966
65447
204849
205308
215956
218613
210181
135335
153337
202821
138948
209649
224207
213233
222625
218263
222785
158373
222783
117024
20451
34841
71000
216760
37851
42421
60826
74091
82895
